# period(s), 
# Low noise model (1th percentile  in db) East North and Up, 
# Median noise model (50th percentile  in db) East North and Up, 
# High noise model (90th percentile  in db) East North and Up
2.000	-57.5	-55.5	-58.5	-48.5	-46.5	-42.5	-37.5	-34.5	-31.5
2.181	-57.5	-55.5	-58.5	-48.5	-46.5	-42.5	-36.5	-34.5	-30.5
2.378	-57.5	-54.5	-58.5	-48.5	-45.5	-42.5	-36.5	-34.5	-30.5
2.594	-57.5	-54.5	-58.5	-48.5	-45.5	-41.5	-36.5	-34.5	-30.5
2.828	-57.5	-54.5	-58.5	-48.5	-45.5	-41.5	-36.5	-34.5	-30.5
3.084	-57.5	-54.5	-58.5	-47.5	-45.5	-41.5	-36.5	-33.5	-30.5
3.364	-56.5	-54.5	-57.5	-47.5	-45.5	-41.5	-35.5	-33.5	-29.5
3.668	-56.5	-53.5	-57.5	-47.5	-44.5	-40.5	-35.5	-33.5	-29.5
4.000	-56.5	-53.5	-57.5	-46.5	-44.5	-40.5	-35.5	-33.5	-29.5
4.362	-55.5	-52.5	-57.5	-46.5	-43.5	-39.5	-34.5	-32.5	-28.5
4.757	-55.5	-52.5	-56.5	-46.5	-43.5	-39.5	-34.5	-32.5	-28.5
5.187	-55.5	-52.5	-56.5	-45.5	-43.5	-39.5	-33.5	-31.5	-27.5
5.657	-54.5	-51.5	-55.5	-45.5	-42.5	-38.5	-33.5	-30.5	-27.5
6.169	-53.5	-51.5	-55.5	-44.5	-42.5	-38.5	-32.5	-30.5	-26.5
6.727	-53.5	-50.5	-54.5	-43.5	-41.5	-37.5	-32.5	-30.5	-26.5
7.336	-52.5	-50.5	-53.5	-43.5	-40.5	-36.5	-31.5	-29.5	-25.5
8.000	-52.5	-49.5	-53.5	-42.5	-40.5	-36.5	-30.5	-28.5	-24.5
8.724	-51.5	-48.5	-52.5	-41.5	-39.5	-35.5	-30.5	-28.5	-24.5
9.514	-50.5	-48.5	-52.5	-41.5	-38.5	-34.5	-29.5	-27.5	-23.5
10.375	-49.5	-47.5	-51.5	-40.5	-37.5	-33.5	-29.5	-26.5	-23.5
11.314	-49.5	-46.5	-51.5	-39.5	-37.5	-33.5	-28.5	-26.5	-22.5
12.338	-48.5	-46.5	-50.5	-39.5	-36.5	-32.5	-28.5	-25.5	-21.5
13.454	-48.5	-45.5	-50.5	-38.5	-36.5	-32.5	-27.5	-24.5	-21.5
14.672	-47.5	-45.5	-49.5	-38.5	-35.5	-31.5	-26.5	-23.5	-20.5
16.000	-47.5	-44.5	-49.5	-37.5	-35.5	-31.5	-25.5	-23.5	-19.5
17.448	-47.5	-44.5	-48.5	-37.5	-34.5	-31.5	-24.5	-22.5	-18.5
19.027	-46.5	-43.5	-48.5	-36.5	-34.5	-30.5	-24.5	-21.5	-17.5
20.749	-45.5	-43.5	-47.5	-35.5	-33.5	-29.5	-23.5	-20.5	-17.5
22.627	-44.5	-42.5	-46.5	-34.5	-32.5	-28.5	-22.5	-19.5	-16.5
24.675	-44.5	-41.5	-46.5	-34.5	-31.5	-28.5	-22.5	-19.5	-15.5
26.909	-43.5	-41.5	-45.5	-33.5	-31.5	-27.5	-21.5	-18.5	-15.5
29.344	-42.5	-40.5	-45.5	-33.5	-30.5	-26.5	-20.5	-18.5	-14.5
32.000	-42.5	-39.5	-44.5	-32.5	-29.5	-26.5	-20.5	-17.5	-14.5
34.896	-41.5	-39.5	-44.5	-31.5	-29.5	-25.5	-19.5	-16.5	-13.5
38.055	-41.5	-38.5	-43.5	-31.5	-28.5	-24.5	-19.5	-16.5	-12.5
41.499	-40.5	-37.5	-42.5	-30.5	-27.5	-23.5	-18.5	-15.5	-11.5
45.255	-39.5	-36.5	-42.5	-29.5	-26.5	-22.5	-17.5	-15.5	-11.5
49.351	-38.5	-36.5	-41.5	-28.5	-26.5	-22.5	-17.5	-14.5	-11.5
53.817	-37.5	-35.5	-40.5	-27.5	-24.5	-20.5	-16.5	-14.5	-10.5
58.688	-36.5	-34.5	-40.5	-26.5	-23.5	-19.5	-16.5	-13.5	-9.5
64.000	-35.5	-33.5	-38.5	-24.5	-21.5	-17.5	-15.5	-12.5	-8.5
69.792	-34.5	-32.5	-38.5	-22.5	-20.5	-15.5	-14.5	-12.5	-8.5
76.109	-32.5	-31.5	-37.5	-20.5	-18.5	-13.5	-13.5	-11.5	-7.5
82.998	-32.5	-31.5	-37.5	-19.5	-17.5	-12.5	-12.5	-10.5	-6.5
90.510	-30.5	-29.5	-35.5	-17.5	-15.5	-10.5	-11.5	-9.5	-4.5
98.701	-30.5	-29.5	-35.5	-17.5	-15.5	-10.5	-11.5	-9.5	-4.5
107.635	-29.5	-29.5	-34.5	-16.5	-14.5	-9.5	-10.5	-7.5	-3.5
117.377	-29.5	-29.5	-34.5	-16.5	-14.5	-9.5	-10.5	-7.5	-3.5
128.000	-28.5	-27.5	-32.5	-15.5	-12.5	-8.5	-8.5	-6.5	-1.5
139.585	-28.5	-27.5	-32.5	-15.5	-12.5	-8.5	-8.5	-6.5	-1.5
152.219	-27.5	-26.5	-31.5	-14.5	-12.5	-7.5	-7.5	-5.5	-1.5
165.995	-27.5	-26.5	-31.5	-14.5	-12.5	-7.5	-7.5	-5.5	-1.5
181.019	-26.5	-25.5	-29.5	-13.5	-11.5	-6.5	-6.5	-3.5	0.5
197.403	-26.5	-25.5	-29.5	-13.5	-11.5	-6.5	-6.5	-3.5	0.5
215.269	-26.5	-25.5	-29.5	-13.5	-11.5	-6.5	-6.5	-3.5	0.5
234.753	-26.5	-25.5	-29.5	-13.5	-11.5	-6.5	-6.5	-3.5	0.5
256.000	-26.5	-25.5	-29.5	-13.5	-11.5	-6.5	-5.5	-2.5	0.5
279.170	-26.5	-25.5	-29.5	-13.5	-11.5	-6.5	-5.5	-2.5	0.5
304.437	-26.5	-25.5	-29.5	-13.5	-11.5	-6.5	-5.5	-2.5	0.5
331.991	-26.5	-25.5	-29.5	-13.5	-11.5	-6.5	-5.5	-2.5	0.5
362.039	-26.5	-24.5	-28.5	-14.5	-12.5	-7.5	-5.5	-2.5	1.5
394.806	-26.5	-24.5	-28.5	-14.5	-12.5	-7.5	-5.5	-2.5	1.5
430.539	-26.5	-24.5	-28.5	-14.5	-12.5	-7.5	-5.5	-2.5	1.5
469.506	-26.5	-24.5	-28.5	-14.5	-12.5	-7.5	-5.5	-2.5	1.5
512.000	-26.5	-24.5	-28.5	-14.5	-12.5	-7.5	-5.5	-2.5	1.5
558.340	-26.5	-24.5	-28.5	-14.5	-12.5	-7.5	-5.5	-2.5	1.5
608.874	-26.5	-24.5	-28.5	-14.5	-12.5	-7.5	-5.5	-2.5	1.5
663.982	-26.5	-24.5	-28.5	-14.5	-12.5	-7.5	-5.5	-2.5	1.5
